4 -1
0 0
14 -1
1 1
28 -1
5 -1
0 2
14 -1
2 3
0 0
28 -1
34 -1
32 -1
0 0
14 -1
0 0
10 -1
1 4
28 -1
8 -1
30 -1
0 0
10 -1
3 5
31 -1
28 -1
33 -1
35 -1
30 -1
0 0
31 -1
36 -1
28 -1
4 -1
1 6
28 -1
5 -1
0 7
14 -1
2 8
28 -1
6 -1
0 9
28 -1
7 -1
0 10
32 -1
5 -1
0 11
29 -1
0 12
28 -1
33 -1
0 7
14 -1
1 13
10 -1
2 14
28 -1
9 -1
30 -1
0 9
31 -1
28 -1
25 -1
30 -1
0 9
19 -1
3 15
31 -1
32 -1
8 -1
30 -1
3 16
31 -1
28 -1
33 -1
26 -1
32 -1
8 -1
30 -1
3 17
10 -1
0 9
31 -1
28 -1
33 -1
27 -1
30 -1
0 7
18 -1
1 18
31 -1
32 -1
8 -1
30 -1
0 7
10 -1
3 5
31 -1
28 -1
0 7
14 -1
0 7
11 -1
1 4
28 -1
33 -1
5 -1
5 -1
0 0
5 -1
5 -1
0 0
28 -1
